  18
  -2
 -25
  26
  20
  14
 -41
 -22
  40
 -13
   4
  35
  -2
  51
   7
 -44
 -21
 -11
  -9
  16
 -31
 -40
 -16
 -52
  14
  -4
 -74
 -18
  71
  48
   8
  -8
  -9
  62
  17
   7
   7
 -19
  50
   0
 -24
   4
  13
 -57
  13
  41
 -16
  -6
  -5
  24
 -18
 -68
  10
  37
  56
 -28
 -42
   7
 -82
  -6
 -54
 -40
 -69
   0
   8
-119
 -26
 -17
 -62
  32
 -57
  28
  42
  -4
  22
  -7
 -45
 -26
  -8
   3
 -56
 -20
  78
   1
 -22
  37
  40
   0
 -26
   0
  55
  18
  60
  35
 -36
  69
   1
 -25
 -31
 -17
  46
 -10
  16
  24
  36
  23
 -97
 -12
 -31
  19
  66
   3
-109
 -37
  18
 -62
 -36
   6
 -48
 -49
 -23
  36
 -23
 -37
  37
  -4
 -14
  -4
  -2
 -34
   8
  13
  -7
  49
  58
  24
  49
 -19
  15
  73
  39
  -9
  10
  79
 -20
   3
 -86
 -39
  21
 -13
 -25
 -55
  -4
 -13
  74
   1
 -40
  10
 -29
   7
   1
  -8
 -61
  20
  11
  74
  41
-106
 -23
 -21
 -49
  26
  18
  16
  30
 -72
 -14
 -44
 -57
  80
  43
  11
   5
  16
   1
  37
 -19
   1
 -12
  49
  42
 -89
 -51
 -20
  26
  76
 -14
  17
  39
 -31
-111
  40
  11
  24
  -4
   9
  23
  38
  15
 -84
 -12
 123
  63
   7
-113
 -37
  11
 -39
  72
  65
  -2
 -78
   1
  45
  28
 -12
  17
  -4
   3
  49
 -12
  -4
 -16
   9
  19
  36
  -6
  13
  58
 -38
 -76
 -20
   3
 -75
-120
 -10
 -70
   3
 104
 -19
 -31
 -26
 -11
  54
  12
  20
 -54
   0
  16
   1
 -43
  41
 111
 -48
  51
  13
 -19
  18
  18
 -19
  18
  67
 -47
 -11
  47
  15
  28
  75
 -32
   8
  23
 -11
 -15
 -58
 -24
  10
  46
 -47
 -46
  39
  30
 -62
  25
 -22
 -32
  80
  18
  40
 -56
  65
  18
  13
 -87
 -41
 -24
 -38
  10
  36
   0
 -40
 -30
 -19
  59
  18
-114
 -12
  92
  27
 -33
 -35
 -11
  16
 -47
 -26
 -19
  56
  45
  -8
  18
 -34
 -32
 -56
 -62
  54
  33
 -57
 108
  33
-109
  10
  51
 -74
 -55
  56
  19
 -26
 -15
  17
 -11
 -33
   9
  -4
  36
  38
 -63
 -56
  84
  33
 -61
 -11
 -28
 -48
  18
  27
  57
   3
 -23
  56
  56
 119
  36
 -31
  16
  -8
  31
   3
 -49
  11
  11
 -19
 -73
 -81
  42
  15
 -72
 -81
 -40
 -10
   1
   9
 -48
 -42
 -50
 -68
  39
  45
 -59
 -48
   9
  31
 -49
  -4
  11
  34
  26
  59
 -52
 -35
  81
   5
 -51
  44
  13
  17
  19
 -35
  58
  27
 -52
  37
 -74
 -47
  11
  11
  46
 -55
 -43
 -41
  17
  67
  46
 -22
 -36
  15
 -57
  66
  31
  27
  73
  19
   9
 -63
 -44
  23
 -26
   3
 -29
 -61
 -15
 -27
  24
 -29
   6
 -19
 -47
 -33
 -71
 -23
 -17
  10
  37
  20
 -15
  40
 -35
 -46
   4
 -15
 -54
  12
  -5
  22
   2
 -62
 -31
  47
 -17
 -13
 -61
 -21
  40
  44
 -56
 -82
 -64
 -15
 -45
  28
 -45
 -65
  42
 -80
 -41
  60
  -7
 104
  40
  68
  58
  27
  43
 -79
   3
   0
  27
  66
  35
  27
  51
 124
  40
 -55
 -26
  -4
 -21
 -17
 -43
-111
  11
  41
 -26
 -49
 -52
  12
   5
   1
  33
 -37
 -28
 -21
 -41
 -28
 -21
 -64
 -64
 -12
   5
 -86
 -10
 -49
  67
 108
-110
 -46
  53
  17
 -26
  42
 -28
 -25
 -44
  20
  57
 -88
  21
 -18
  15
   1
 -11
  47
  -4
 -27
  17
 -29
 -11
 110
  68
   9
   7
  28
 -42
 -15
   3
 -32
 -23
   0
 -24
  40
  11
 -23
 -51
 -57
  70
   3
   5
  30
  24
 -10
 -66
 -41
   1
 -37
  -4
 103
  74
  25
 -24
 -51
  17
  54
   9
-116
  -4
 -54
 -66
  51
  95
 113
  -4
  15
 -12
  55
  24
-121
  27
   0
 -20
   3
  -8
  14
 -75
  -8
 -33
  84
  -8
 -90
   3
  71
  76
  94
  23
  -2
  33
 -16
-102
 -54
  35
 -44
  36
 -25
  52
  36
  24
   3
 -27
  24
  -6
  60
  25
 -38
 -58
  10
  41
  10
  31
 -21
 -17
 113
  47
 -58
  32
 -11
 -48
  60
  10
 -11
 -53
 -32
 -22
 -17
  39
-111
 -92
 -37
  16
  -4
 -54
  56
  15
  17
  51
  16
 -69
 -49
 -73
 -51
 -53
  18
  82
 -26
 -53
   0
   7
  -8
 -49
 -18
 -31
 -11
  25
 -13
  16
  66
 -81
 -17
  -2
 -19
  16
   0
 -10
   1
  25
  40
-104
  55
 -27
  32
   3
  25
   9
  18
  89
  27
   3
 -48
 -24
  55
 -48
  22
   9
 -22
  28
 -71
 -66
 -11
 -47
 -61
 -18
  50
  62
  57
 -31
 -54
 -38
 -51
 -26
  48
 -11
 -53
  27
-100
 -58
 -26
  48
 -20
   8
  32
 -38
 -24
 -84
  -4
  62
  10
  79
  44
 -34
  55
   1
 -39
-102
 -30
  18
-113
  29
  65
  12
  -4
 118
  36
  55
 -33
