   3
  -6
 -26
 -23
  28
  27
 -18
  13
 -32
 -16
 -16
  21
  36
   2
  46
   3
  -3
  41
  22
  14
  32
  27
   3
 -42
  -2
  28
 -23
   2
  10
  32
  12
   0
  -7
  -3
  23
 -28
 -10
  40
 -33
 -69
  71
  52
 -11
  19
  35
  -6
   8
  50
  -6
 -55
 -11
   7
 -41
 -25
  20
 -50
 -65
  20
  22
 -49
  53
  20
  26
  31
  13
  17
 -23
  -8
   0
  13
  20
  11
  66
 -38
 -88
  39
  39
  64
   7
  -2
  16
 -46
 -28
  23
  23
  44
 -53
 -22
  64
 -13
   4
  39
  -4
 -42
 -55
   9
  37
 -68
 -21
  -4
  32
   3
  65
  16
 -50
  64
 -17
 -22
  50
 -22
  28
-112
  -6
 -11
 -45
 -10
  69
  29
  22
 -28
 -59
  31
 -19
  62
  24
 -14
   4
 -64
 -81
 -67
 -19
  -7
 -17
  84
  11
 -56
  15
  39
 -11
 -24
 -26
 -18
 -32
 -14
  35
 -18
  38
  47
   5
  50
   8
 -75
 -25
  39
  -9
  41
  41
 -17
 -13
  25
   7
  -4
  33
 -56
  18
 -27
 -36
  24
 -32
  47
  11
 -53
 -34
 -17
   1
 -93
  51
 -54
 -12
  48
  -2
  39
 -90
 -15
   0
  37
 -29
 -27
  26
  26
  94
   3
 -20
 -25
 -40
  74
  28
 -47
  22
   3
  -2
   1
  -2
 -21
 -27
  19
 -20
 -34
 -52
   1
  37
 -28
 -44
 -16
  27
 -31
 -36
 -44
   9
 -43
 -85
  77
  19
  -4
  93
 -76
   1
   0
 -25
  18
 -46
 -43
  34
 -83
 -12
   7
  15
 -43
  13
  25
 -92
  43
  89
  23
  11
 -37
 -51
 -21
 104
  96
  51
  44
 -46
  25
  60
  64
  12
 -26
 -26
  11
  48
  11
  18
  26
  88
  85
  22
 113
  -2
-107
 -33
 -91
   3
  -4
  38
  88
 -11
  53
 -63
 -11
  33
  42
 -86
 -44
   3
   0
  60
 -33
 -35
 -11
  27
 -19
 -33
 -41
  10
  16
  -4
 -34
  22
  96
 -47
  61
  71
  31
 -46
  41
  83
  10
   9
  12
  18
 -34
  -2
  -2
 -40
  80
  79
  25
 -77
  10
  45
 -11
  32
 -29
  43
  58
 -35
 -26
  -4
  -2
 -50
  39
 -23
  15
  37
  65
  80
   1
  -8
  10
  45
 -47
 -44
 108
  25
 -40
  17
 -22
 -31
  -2
   3
  45
 -10
  -4
  81
  55
   7
   0
  29
  -4
  33
   7
  40
  40
   9
  33
  50
 -27
  64
  11
   9
  11
  64
 -12
 -70
  48
   3
 -29
 -42
  18
  72
 -43
 -49
   1
 -46
 -12
  39
  -8
 -17
  65
  86
 -46
  41
 -44
  -4
  11
  69
  50
 -19
 -42
 -23
  43
 -38
  24
 -20
 -27
   1
 -26
  40
  19
  11
 -57
 -77
  33
   9
  33
 -67
-107
   0
  29
 -20
  29
  66
  46
  34
   3
 -65
 -51
 -10
 -14
 -47
  48
  -8
  21
 -24
 -24
  71
  65
  27
 -22
   1
   7
  15
 -42
 -36
   9
   4
 -23
  38
 101
  44
 -33
  -7
  22
  -9
 -21
 -29
  28
  10
 101
 100
 -34
  33
  71
  -7
  20
-121
  45
 -79
  14
 -37
 -29
  50
  24
 -60
-112
 -62
  10
 -37
  16
  44
 -55
 -41
  12
  77
 -37
 -53
  24
   4
 -29
  32
  75
  14
   4
  -5
  10
 -93
  20
  52
 -60
  43
   0
  51
  13
   3
   9
   7
  13
  53
  92
 118
 -45
 123
 -12
  20
  38
  72
  33
  18
  85
 -61
 -67
  16
 -10
 -28
  14
  93
  68
  59
 -10
   5
  21
 -25
 -64
 -19
  11
  46
 -17
-105
   0
  56
 -56
 -93
  71
  82
  27
  10
 -51
  -6
  51
  17
  -6
  53
   3
  45
  45
 -74
 -32
  36
   3
 -46
 -11
  35
 -33
   7
  10
 -44
  40
 -36
 -31
  23
 -19
  54
 -41
 -59
  25
  40
  38
  11
   5
  -4
  -6
 -14
  62
  64
 -20
  30
 -12
  22
  50
  34
 -14
 -39
  -2
  54
 -22
 -43
 -10
 -10
   0
  31
  62
 106
  21
  34
  -2
 -20
  36
  76
  43
 -56
 -24
  42
 -47
  -4
  55
 -10
   1
   3
 -28
 -93
 -87
 -59
  47
 -11
 -92
 -31
  12
 -40
  10
  12
 -15
  38
  84
 -22
  10
  85
  28
  26
  -4
 -16
 -48
 -75
  -9
   3
  31
 -48
 -63
   0
  -4
  28
   3
  76
  27
 -55
  49
   3
  -2
  71
   0
-120
 -42
  47
  45
 -31
 -45
 -18
 -32
 -18
 -31
   7
  32
  47
  54
  50
  53
   1
 -59
  24
 -25
   3
 -24
 -27
 -26
 -37
  65
 -19
 -13
 -42
  46
  97
 -24
  -2
  -9
  -6
  82
  52
  -8
  27
  81
 -37
   3
  54
 110
 -24
  -4
  78
  41
  10
  16
   0
  23
  84
  -4
 -77
 -31
  45
  21
  47
  74
  -8
 -28
 -30
  25
  21
 -52
 126
 -47
 -36
  57
  28
  56
 -82
  38
   3
 -32
 -18
  68
  48
   7
  50
 -31
 -29
 -69
 -27
   7
  39
  55
  54
 -17
   3
  45
 -58
 -36
  28
  -8
 -15
   3
 -21
  21
  27
  -4
 -48
  33
 -45
 -13
  18
 -23
 -38
  -2
  48
 -15
 -28
 -14
 -22
  20
 -70
 -43
  85
 -15
