 -64
-128
 -61
 -16
 104
 -16
  44
 -88
 -45
  87
  64
 -99
-112
 -41
 111
  19
-118
 -43
  50
  64
  92
  88
 107
  94
  58
  76
   6
 -84
 -43
-100
  10
   1
  20
 -91
  74
 -12
-122
 -18
  20
 -65
   0
 -47
-118
  21
  26
 -48
  -3
 100
-116
 112
 100
 116
 -82
-116
  63
 -52
 -63
 -24
 -81
 102
 -64
 -83
   5
-112
  96
 -54
 -34
  48
  81
-127
 -92
 -92
 -38
  28
 -85
  18
  57
  10
  40
  35
 -86
 -80
-128
 -61
 -87
  70
 -26
  16
  -5
-126
  40
 -33
  29
-119
-103
  -4
   6
 -73
 -92
   9
 -64
   4
  -1
  88
 -82
  48
  50
  94
 -14
 -82
  44
  63
 -35
  87
 -22
  95
 -99
 -37
 -90
-116
 108
  96
  65
  60
  52
 123
 101
 -35
 118
  64
 119
  -8
  96
 -98
 -56
-106
   5
 -51
  96
 -94
 -35
-126
-119
  42
 -11
 -98
  20
  -3
  56
  -8
 -95
  38
  61
  76
 108
 -40
-102
 -44
  48
 -30
  -2
 -47
 -11
 120
  85
  20
  42
 -59
-110
  25
 114
 -21
  94
  59
  67
  56
 -48
  42
  28
  25
-123
   7
-104
 -20
 -56
-112
-100
  20
 -48
  56
  22
 -22
 -51
 -23
  74
  41
  22
 -68
  -4
  80
  49
 -28
 -85
-110
 -70
-107
  39
  48
   4
 -10
 -63
  63
  63
 -52
  29
  78
 -85
-128
 -63
  93
  14
 -36
 104
   8
 -98
  73
 -22
 120
  54
  24
  72
-120
 -62
  66
 108
  84
 -89
  53
 -66
 -26
  45
  73
  65
 124
   8
  18
  31
  92
 -60
 -91
  65
  -6
  45
  74
 -84
-114
  37
 -64
-114
 -47
 -68
  68
  59
  20
 -33
-122
 -40
 103
  51
 -50
 111
 -17
  93
 115
  20
 -59
  87
 -48
  30
  92
  65
  76
  54
  44
 -12
 -24
 -80
  22
  86
  87
 -70
  36
-120
 -30
 -80
 -59
 107
  16
 -12
  21
  80
  59
  12
 114
  -5
 -42
 -16
 -52
-117
 -54
-100
  20
 -52
  64
