  64
 -64
  53
  38
 108
  72
  -4
 -72
 -51
 107
  80
 -55
  46
-111
 -23
 -33
  60
  -9
  24
-113
 -43
 -81
  -8
  26
 -27
  43
  18
-100
  86
 -66
  -6
  23
 -72
 -72
 -61
  60
  34
  -5
-112
  -7
   0
 102
  30
  95
 -55
 114
 -23
-120
   0
  66
 -72
 -22
 -54
 124
 -27
  83
  36
  22
 -42
   6
 -64
 103
   7
-112
  86
  76
   2
 -41
 -27
 -11
 -60
 -44
 -42
  -8
  26
  84
 -63
 -48
  26
  39
 -90
 -94
  37
-113
-115
  62
 122
  -6
  67
 122
 -52
-125
 -11
 -14
  15
 -60
 120
  18
  88
  87
 110
  58
  20
 -96
 -50
  89
 105
  60
 -50
 -81
 -11
 127
 -47
 -15
  40
  43
-105
  95
 -68
 -36
-100
  54
  55
 -64
 -63
 -63
  81
 116
 -20
  64
 106
 100
  22
 -26
  86
 -46
 120
  68
  56
 120
 -95
 120
 -47
  12
  -8
  -8
  32
 119
  49
 117
  61
-124
  62
  43
 -40
  80
 -97
 -70
  40
-103
  42
  58
 -19
-112
 101
 -52
  99
 124
-109
 -32
 -42
 -95
  67
 -95
-119
 126
 -72
  82
-116
 105
 115
  -4
 104
  22
   4
-102
-107
  16
 -40
 -91
 112
  42
 -14
 121
  93
 -22
 -78
 -72
 -44
   0
 -19
   8
 -29
 -68
-110
 -53
 -41
  86
 -44
 -78
 -64
  -7
  -5
  80
 122
  48
 101
-121
  -8
-105
-111
  68
 116
  80
  89
 -18
 -42
  -8
 -92
  14
 -11
 -88
 102
  -7
 119
 -62
  -1
  71
  39
 -47
-105
 -11
  47
  26
-127
-108
 -60
 -14
 -92
 -89
 -19
 -86
  72
 108
  24
  56
-113
-128
  90
 -42
  70
 -18
  29
 -60
 -68
  17
-120
  97
-125
 122
 -23
 -73
  50
 -17
  32
   0
 -66
  99
  46
  30
-103
  43
  10
  52
 -79
  20
-118
 101
 -14
-113
 -18
 100
  98
  24
  17
  16
  93
  96
 -46
  95
 -71
 -95
-116
 -46
 -10
 -96
 -28
 -58
   1
 117
-110
 -22
 -69
 118
